# The modifications of the output file from Kalibr:
# 1. For each matrix (e.g. cam0/T_cam_imu), remove the brackets and minus sign for each line. Use one pair of brackets for each matrix.
# 2. Add the T_imu_body at the end of the calibration file (usually set to identity).
cam0:
  T_cam_imu:
    [0.999925, 0.0121606, 0.00132284, -0.0053624,
    -0.0121651, 0.999920, 0.00344463, 0.000257399,
     -0.00128085, -0.00346047, 0.999993, 0.00380523,
     0, 0, 0, 1.00000000000000000000000000000000000]
  camera_model: pinhole
  distortion_coeffs: [306.327,203.794,0.591444,1.13983]
  distortion_model: radtan
  intrinsics: [285.338,285.19, 305.642,203.113]
  resolution: [640,400]
  timeshift_cam_imu: 0.0
cam1:
  T_cam_imu:
    [0.999925, 0.0112733, 0.00474186, 0.0746694,
    -0.0113, 0.999920, 0.0056409, 0.000490674,
    -0.00467789, -0.00569406, 0.999973, 0.0039078,
    0, 0, 0, 1.00000000000000000000000000000000000]
  T_cn_cnm1:
    [0.999997256477881,   0.002312067192424,   0.000376008102415,  -0.110073808127187, 
    -0.002317135723281,   0.999898048506644,   0.014089835846648,   0.000399121547014,
    -0.000343393120525,  -0.014090668452714,   0.999900662637729,  -0.000853702503357, 
                     0,                   0,                   0,   1.000000000000000]
  camera_model: pinhole
  distortion_coeffs: [308.091,206.089,0.592659,1.139]
  distortion_model: radtan
  intrinsics: [286.432,286.386, 307.938,203.817]
  resolution: [640,400]
  timeshift_cam_imu: 0.0
T_imu_body:
  [1.0000, 0.0000, 0.0000, 0.0000,
  0.0000, 1.0000, 0.0000, 0.0000,
  0.0000, 0.0000, 1.0000, 0.0000,
  0.0000, 0.0000, 0.0000, 1.0000]

